1 12 0.000000 0.000000 0.000000 35.737265 123.136698 0.000000 0.000000 0.000000 0.000000 0.000000 0.789062 46.519206 
1 12 0.000000 96.941089 0.000000 0.723635 26.611375 0.000000 0.000000 0.000000 0.000000 0.000000 6.070750 37.207663 
1 12 56.688488 0.000000 0.000000 36.334712 122.321689 0.000000 2.907019 0.000000 0.000000 0.000000 2.907019 46.289968 
1 12 0.000000 96.909626 0.000000 0.711969 26.650463 0.000000 0.000000 0.000000 0.000000 0.000000 6.070978 37.265297 
1 12 0.000000 97.911458 0.000000 0.940452 18.574887 0.000000 0.000000 0.000000 0.000000 0.000000 4.323458 46.285793 
1 12 0.000000 96.897461 0.000000 0.717867 26.581041 0.000000 0.000000 0.000000 0.000000 0.000000 6.078788 37.236330 
1 12 0.000000 136.326954 0.000000 1.228295 26.617207 0.000000 0.000000 0.000000 0.000000 0.000000 11.567996 32.736362 
1 12 0.000000 164.712872 0.000000 2.754415 21.304999 0.000000 0.000000 0.000000 0.000000 0.000000 20.051269 14.445058 
1 12 0.000000 163.403917 0.000000 2.949687 21.143545 0.000000 0.000000 0.000000 0.000000 0.000000 20.127553 14.447813 
1 12 0.000000 165.488907 0.000000 2.677839 21.371996 0.000000 0.000000 0.000000 0.000000 0.000000 20.060540 14.588580 
1 12 68.516015 148.453997 0.000000 3.456564 9.410748 67.676555 48.401900 0.000000 0.000000 0.000000 5.021255 14.462266 
1 12 68.707994 148.297766 0.000000 3.441573 9.466190 67.747960 48.389888 0.000000 0.000000 0.000000 4.980019 14.397527 
1 12 178.360655 86.416707 0.000000 2.683493 14.485019 53.926061 16.428247 0.000000 0.000000 0.000000 16.428247 46.324565 
1 12 47.486045 0.000000 0.000000 5.615916 24.035486 0.000000 19.831813 0.000000 69.496742 0.000000 19.831813 46.157255 
1 12 178.417223 86.495673 0.000000 2.685313 14.451060 53.962434 16.457019 0.000000 0.000000 0.000000 16.457019 46.281555 
1 12 178.405059 86.540861 0.000000 2.739949 14.497518 53.952547 16.453245 0.000000 0.000000 0.000000 16.453245 46.205384 
1 12 170.154263 0.000000 0.000000 23.459119 145.646989 0.000000 7.655338 0.000000 0.000000 0.000000 7.655338 53.345164 
1 12 80.500466 0.000000 0.000000 0.720939 43.606751 0.000000 34.118755 0.000000 0.000000 0.000000 10.963178 46.357930 
1 12 80.647947 0.000000 0.000000 0.732988 43.527736 0.000000 33.951345 0.000000 0.000000 0.000000 10.873070 46.444714 
1 12 80.851707 0.000000 0.000000 0.808579 43.463222 0.000000 34.221308 0.000000 0.000000 0.000000 10.880343 46.133072 
1 12 72.557458 0.000000 0.000000 50.403914 115.349672 0.000000 30.429225 0.000000 0.000000 0.000000 21.802492 46.239361 
1 12 72.318600 0.000000 0.000000 50.295137 115.445697 0.000000 30.382920 0.000000 0.000000 0.000000 21.752135 46.309652 
1 12 72.306884 0.000000 0.000000 50.399238 115.349286 0.000000 30.389424 0.000000 0.000000 0.000000 21.733959 46.164858 
1 12 8.864021 0.000000 0.000000 49.801515 112.544645 0.000000 22.301673 0.000000 0.000000 0.000000 37.408950 46.127463 
1 12 45.776510 0.000000 0.000000 9.408328 78.493863 0.000000 21.603734 0.000000 71.163770 0.000000 21.603734 46.246905 
1 12 56.827949 0.000000 0.000000 36.467364 122.141941 0.000000 2.885485 0.000000 0.000000 0.000000 2.885485 46.214178 
1 12 35.187882 0.000000 0.000000 1.626074 51.944330 0.000000 30.232755 0.000000 81.839983 0.000000 38.016031 46.249082 
1 12 0.000000 0.000000 0.000000 9.974801 32.039287 0.000000 42.088652 0.000000 85.734923 0.000000 37.977903 9.103859 
1 12 0.000000 0.000000 0.000000 9.931058 32.036638 0.000000 42.096618 0.000000 85.764099 0.000000 37.963037 9.062770 
1 12 0.000000 0.000000 0.000000 9.929476 32.139546 0.000000 42.055370 0.000000 85.671535 0.000000 38.061134 9.072188 
1 12 0.000000 0.000000 0.000000 22.178802 8.547561 0.000000 0.000000 0.000000 0.000000 0.000000 6.571776 15.382654 
1 12 0.000000 0.000000 0.000000 22.341150 8.420655 0.000000 0.000000 0.000000 0.000000 0.000000 6.606707 15.477588 
2 12 4.245878 0.000000 0.000000 0.000000 0.328699 0.000000 0.000000 0.000000 0.000000 0.000000 18.972128 15.876577 
2 12 9.760983 0.000000 0.000000 0.000000 0.000000 0.000000 0.000000 0.000000 0.000000 0.000000 0.000000 5.669462 
2 12 6.960083 0.000000 0.000000 0.000000 9.958804 0.000000 0.000000 0.000000 0.000000 0.000000 0.000000 11.258268 
2 12 0.000000 0.000000 0.000000 0.000000 0.000000 0.000000 0.000000 0.000000 0.000000 0.000000 0.000000 0.000000 
2 12 0.000000 0.000000 0.000000 0.000000 0.000000 0.000000 0.000000 0.000000 0.000000 0.000000 0.000000 0.000000 
2 12 0.000000 0.000000 0.000000 0.000000 0.000000 0.000000 0.000000 0.000000 0.000000 0.000000 0.000000 0.000000 
2 12 0.000000 0.000000 0.000000 0.000000 22.939190 0.000000 0.000000 0.000000 0.000000 0.000000 0.000000 83.515174 
2 12 0.000000 0.000000 0.000000 25.055881 7.336366 0.000000 0.000000 0.000000 0.000000 0.000000 8.325789 4.591384 
2 12 0.000000 0.000000 0.000000 16.340824 92.678541 0.000000 0.000000 0.000000 0.000000 0.000000 2.526301 131.910985 
2 12 0.000000 0.000000 0.000000 14.578910 92.842700 0.000000 0.000000 0.000000 0.000000 0.000000 1.022889 158.763687 
2 12 0.000000 0.000000 0.000000 14.611913 92.707061 0.000000 0.000000 0.000000 0.000000 0.000000 1.021880 158.710092 
2 12 0.000000 0.000000 0.000000 1.247566 83.994382 0.000000 0.000000 0.000000 0.000000 0.000000 14.607831 1.261058 
2 12 0.000000 0.000000 0.000000 14.049887 157.321732 0.000000 0.000000 0.000000 0.000000 0.000000 15.825797 7.881384 
2 12 7.601089 0.000000 0.000000 0.000000 11.203167 0.000000 0.000000 0.000000 0.000000 0.000000 0.000000 11.349763 
2 12 0.000000 0.000000 0.000000 15.823137 153.763233 0.000000 0.000000 0.000000 0.000000 0.000000 18.976645 10.362838 
2 12 0.000000 0.000000 0.000000 15.837603 153.759396 0.000000 0.000000 0.000000 0.000000 0.000000 18.969822 10.390551 
2 12 0.000000 0.000000 0.000000 27.142930 130.623292 0.000000 0.000000 0.000000 0.000000 0.000000 20.997143 4.544593 
2 12 0.000000 0.000000 0.000000 27.115988 130.606769 0.000000 0.000000 0.000000 0.000000 0.000000 20.995284 4.563514 
2 12 0.000000 0.000000 0.000000 27.089633 130.688951 0.000000 0.000000 0.000000 0.000000 0.000000 20.987369 4.645017 
2 12 0.000000 0.000000 0.000000 15.817442 153.783010 0.000000 0.000000 0.000000 0.000000 0.000000 18.953971 10.370105 
2 12 0.000000 0.000000 0.000000 35.458700 126.103222 0.000000 0.000000 0.000000 0.000000 0.000000 12.135468 16.765235 
2 12 0.000000 0.000000 0.000000 33.674126 128.467173 0.000000 0.000000 0.000000 0.000000 0.000000 11.670833 13.546916 
2 12 0.000000 0.000000 0.000000 33.725897 128.398747 0.000000 0.000000 0.000000 0.000000 0.000000 11.681913 13.562576 
2 12 0.000000 0.000000 0.000000 51.161224 51.106015 0.000000 0.000000 0.000000 0.000000 0.000000 4.568776 35.167385 
2 12 9.789423 0.000000 0.000000 0.000000 0.000000 0.000000 0.000000 0.000000 0.000000 0.000000 0.000000 5.690030 
2 12 2.411408 0.000000 0.000000 0.000000 6.300276 0.000000 0.000000 0.000000 0.000000 121.592048 15.584360 19.311359 
2 12 0.000000 0.000000 0.000000 0.000000 0.000000 0.000000 0.000000 0.000000 0.000000 0.000000 0.000000 0.000000 
2 12 0.000000 0.000000 0.000000 0.000000 0.000000 0.000000 0.000000 0.000000 0.000000 0.000000 0.000000 0.000000 
2 12 0.000000 0.000000 0.000000 0.000000 0.000000 0.000000 0.000000 0.000000 0.000000 0.000000 0.000000 0.000000 
2 12 8.955621 0.000000 0.000000 0.000000 0.000000 0.000000 0.000000 0.000000 0.000000 0.000000 0.000000 9.422396 
2 12 12.225633 0.000000 0.000000 0.000000 69.491754 0.000000 0.000000 0.000000 0.000000 0.000000 0.000000 23.713745 
2 12 9.175630 0.000000 0.000000 0.000000 0.000000 0.000000 0.000000 0.000000 0.000000 0.000000 0.000000 7.148849 
3 12 59.906285 76.693450 0.000000 25.671972 143.155863 103.024117 13.699888 0.000000 0.000000 0.000000 13.699888 98.842218 
3 12 0.000000 0.000000 0.000000 0.000000 0.000000 0.000000 5.806267 0.000000 0.000000 0.000000 5.806267 0.000000 
3 12 53.034759 55.378113 0.000000 0.000000 0.000000 96.228051 7.164764 0.000000 0.000000 0.000000 7.164764 26.288513 
3 12 0.000000 0.000000 0.000000 0.000000 0.000000 0.000000 0.000000 0.000000 0.000000 0.000000 0.000000 0.000000 
3 12 0.000000 0.000000 0.000000 0.000000 0.000000 0.000000 0.000000 0.000000 0.000000 0.000000 0.000000 0.000000 
3 12 0.000000 0.000000 0.000000 0.000000 0.000000 0.000000 0.000000 0.000000 0.000000 0.000000 0.000000 0.000000 
3 12 0.000000 0.000000 0.000000 0.000000 0.000000 0.000000 0.000000 0.000000 0.000000 0.000000 0.000000 0.000000 
3 12 0.000000 0.000000 0.000000 0.000000 1.099478 0.000000 17.649097 0.000000 117.670450 0.000000 17.649097 0.000000 
3 12 0.000000 111.321591 0.000000 22.167993 31.154004 0.000000 7.641709 0.000000 117.658441 0.000000 7.641709 20.661122 
3 12 0.000000 59.990394 0.000000 22.894443 23.344005 0.000000 0.674500 0.000000 111.402509 0.000000 0.674500 17.229839 
3 12 0.000000 46.299499 0.000000 23.176074 6.790309 0.000000 8.276912 0.000000 104.679721 0.000000 8.276912 67.856108 
3 12 0.000000 33.754305 0.000000 20.688480 6.788193 0.000000 26.003207 0.000000 0.000000 0.000000 26.003207 37.033418 
3 12 0.000000 14.641787 0.000000 17.835721 2.748289 0.000000 33.843768 0.000000 0.000000 0.000000 33.843768 29.573061 
3 12 0.000000 0.000000 0.000000 0.000000 0.000000 94.248110 4.428184 0.000000 0.000000 0.000000 4.428184 0.000000 
3 12 0.000000 9.875033 0.000000 10.367328 14.551748 0.000000 0.000000 0.000000 0.000000 0.000000 0.000000 98.340477 
3 12 0.000000 9.887901 0.000000 10.400139 14.542144 0.000000 0.000000 0.000000 0.000000 0.000000 0.000000 98.589812 
3 12 27.412833 27.789715 0.000000 9.140370 2.879659 0.000000 40.612778 0.000000 0.000000 0.000000 40.612778 98.394401 
3 12 27.394316 27.693542 0.000000 9.091330 2.937886 0.000000 40.794115 0.000000 0.000000 0.000000 40.794115 98.464984 
3 12 27.430830 27.734254 0.000000 9.105501 2.916003 0.000000 40.707619 0.000000 0.000000 0.000000 40.707619 98.434581 
3 12 26.818398 27.328415 0.000000 10.145522 1.929217 0.000000 39.162927 0.000000 0.000000 0.000000 39.162927 98.485931 
3 12 0.000000 17.881529 0.000000 5.826725 12.404389 0.000000 0.000000 0.000000 0.000000 0.000000 0.000000 98.235602 
3 12 0.000000 9.856990 0.000000 10.362700 14.527447 0.000000 0.000000 0.000000 0.000000 0.000000 0.000000 98.415327 
3 12 0.000000 9.885597 0.000000 10.388660 3.121647 0.000000 0.000000 0.000000 0.000000 0.000000 0.000000 27.637038 
3 12 0.000000 64.102075 0.000000 23.174896 24.336031 0.000000 0.000000 0.000000 0.000000 0.000000 0.000000 98.435272 
3 12 0.000000 0.000000 0.000000 0.000000 0.000000 0.000000 0.000000 0.000000 0.000000 0.000000 0.000000 0.000000 
3 12 67.230102 51.147062 0.000000 25.185423 61.981305 110.598238 18.649014 0.000000 0.000000 0.000000 18.649014 98.546465 
3 12 0.000000 0.000000 0.000000 0.000000 0.000000 0.000000 0.000000 0.000000 0.000000 0.000000 0.000000 0.000000 
3 12 0.000000 0.000000 0.000000 0.000000 0.000000 0.000000 0.000000 0.000000 0.000000 0.000000 0.000000 0.000000 
3 12 0.000000 0.000000 0.000000 0.000000 0.000000 0.000000 0.000000 0.000000 0.000000 0.000000 0.000000 0.000000 
3 12 0.000000 0.000000 0.000000 0.000000 0.000000 0.000000 24.227323 0.000000 0.000000 0.000000 24.227323 0.000000 
3 12 0.000000 0.000000 0.000000 0.000000 0.000000 0.000000 19.739521 0.000000 0.000000 0.000000 19.739521 0.000000 
3 12 0.000000 0.000000 0.000000 0.000000 0.000000 0.000000 13.185738 0.000000 0.000000 0.000000 13.185738 0.000000 
4 12 0.000000 111.684437 30.356818 11.632911 21.880148 57.470418 46.186273 148.854415 0.000000 0.000000 10.558758 161.682197 
4 12 0.000000 59.312587 48.453049 40.930260 127.582907 10.997988 136.284306 0.000000 0.000000 0.000000 3.524432 87.784965 
4 12 0.000000 85.115948 40.282074 6.461288 170.818004 111.195086 110.607029 54.988529 0.000000 0.000000 19.821525 4.641414 
4 12 44.379739 93.416529 32.259535 58.343700 36.970969 53.154830 17.884790 0.000000 158.273459 0.000000 49.367501 87.839975 
4 12 97.918828 0.000000 43.701785 0.000000 21.430658 33.175741 60.901979 0.000000 155.939881 0.000000 49.994489 0.000000 
4 12 93.226725 0.000000 38.671814 0.000000 13.640690 28.442368 48.082319 0.000000 151.155024 0.000000 49.997648 0.000000 
4 12 0.000000 0.000000 22.508808 0.000000 7.541116 70.307084 0.683993 0.000000 148.042195 0.000000 49.364664 0.000000 
4 12 0.000000 0.000000 22.577173 0.000000 7.544206 70.367939 0.707649 0.000000 147.945666 0.000000 49.359091 0.000000 
4 12 79.470632 0.000000 114.546796 165.351088 16.889782 104.275442 26.484425 121.044455 137.382028 41.656609 10.023462 11.460004 
4 12 47.618413 0.000000 129.711733 0.000000 31.041429 34.532396 166.549938 126.627942 129.404879 47.752043 21.590826 0.000000 
4 12 22.695586 60.874784 58.622941 41.445381 45.917508 2.047403 135.848025 0.000000 60.665746 0.000000 55.257335 90.291099 
4 12 32.891929 0.000000 41.081517 45.155160 32.858199 0.047343 53.432919 0.000000 47.410378 0.000000 36.553673 90.376870 
4 12 0.000000 0.000000 117.912439 0.000000 40.796576 25.398771 166.591905 1.786906 130.106497 0.000000 30.315027 0.000000 
4 12 0.000000 0.000000 52.753764 30.460400 138.526356 0.000000 117.361400 0.000000 0.000000 0.000000 8.862641 87.773997 
4 12 0.000000 0.000000 99.397034 0.000000 0.000000 15.910114 166.384942 1.054450 0.000000 0.000000 55.478675 0.000000 
4 12 37.752232 0.000000 32.860997 18.383018 152.159603 0.017761 71.644200 0.000000 0.000000 0.000000 24.339101 90.179161 
4 12 42.081086 112.738333 22.521666 5.540934 171.864816 0.279500 135.870201 0.000000 0.000000 0.000000 9.479748 90.352801 
4 12 0.000000 135.049601 144.599785 41.462487 127.906660 10.727748 166.625382 171.767615 0.000000 0.000000 72.772300 45.376576 
4 12 0.000000 0.000000 159.122420 0.000000 0.000000 14.069653 166.475758 165.568970 0.000000 0.000000 69.739508 0.000000 
4 12 42.093701 112.606343 22.585610 5.559702 171.832523 0.307917 135.965270 0.000000 0.000000 0.000000 9.462777 90.198949 
4 12 49.422861 13.196796 6.827453 10.654026 33.020568 177.151851 58.148752 0.000000 0.000000 0.000000 8.085507 90.488629 
4 12 0.000000 126.443515 128.629679 35.594215 135.183805 92.913691 10.601597 179.950153 0.000000 0.000000 6.926641 36.785302 
4 12 0.000000 123.461567 61.071573 25.799771 145.848429 82.917548 20.845249 170.631317 0.000000 0.000000 43.634982 33.720094 
4 12 55.638977 25.161282 61.815967 4.219111 29.981345 102.077400 133.278432 0.000000 0.000000 0.000000 46.155062 90.274809 
4 12 0.000000 0.000000 52.795264 30.505274 138.473466 0.000000 117.286517 0.000000 0.000000 0.000000 8.867700 87.822275 
4 12 90.451320 32.217997 61.840171 0.671029 24.876416 21.018495 145.825582 0.000000 0.000000 0.000000 46.181735 28.820021 
4 12 0.000000 0.000000 53.502258 30.636949 139.108335 0.000000 117.653874 0.000000 0.000000 0.000000 7.588903 15.329172 
4 12 0.000000 0.000000 53.505589 30.650099 139.086430 0.000000 117.641926 0.000000 0.000000 0.000000 7.592684 15.325304 
4 12 0.000000 59.899871 39.405873 43.135925 122.925636 9.894704 135.560234 0.000000 0.000000 0.000000 2.556581 87.784238 
4 12 0.000000 41.884624 40.651763 59.761395 24.120945 11.532951 127.175617 0.000000 0.000000 0.000000 4.819254 28.706920 
4 12 0.000000 0.000000 10.532553 19.525485 144.710271 0.000000 58.880419 132.000074 0.000000 29.007310 13.287592 13.345734 
4 12 0.000000 0.000000 46.942285 32.546535 136.602908 0.000000 129.858841 33.349911 0.000000 33.633370 6.816879 21.742230 
5 12 27.623598 20.153622 32.695771 13.919898 16.494161 34.262115 130.667934 154.243012 47.526541 160.126111 39.939676 33.439458 
5 12 15.864719 0.654651 70.458012 13.630312 49.475959 23.245008 61.603911 17.049404 0.000000 140.638976 20.924870 164.542376 
5 12 64.981159 35.293800 5.762098 21.719372 1.937778 119.069933 106.669752 109.704814 57.024601 155.661144 39.958066 54.176639 
5 12 15.867331 0.663686 70.467898 13.630993 49.470467 23.243892 61.631082 17.032872 0.000000 140.677924 20.934852 164.483754 
5 12 12.176261 5.762123 69.840527 13.891749 51.375839 18.588019 138.819658 29.403446 0.000000 6.579240 22.983817 162.364915 
5 12 10.986108 1.882656 75.500818 15.349538 54.982032 14.384312 138.837182 29.337127 0.000000 10.355951 22.998975 142.420147 
5 12 10.993680 1.904146 75.513044 15.346195 149.304581 14.384437 138.897393 29.390346 0.000000 10.350732 22.988654 25.983422 
5 12 18.204079 6.484843 71.656155 11.434077 32.209471 1.949715 165.779822 29.386512 0.685910 134.928218 4.018351 127.900558 
5 12 29.126882 28.264581 44.479034 2.693752 21.765381 0.396009 147.708615 88.054233 0.000000 47.981853 10.262879 99.680104 
5 12 15.397506 40.691946 43.128198 11.360580 43.776546 6.720445 130.767291 88.139363 0.000000 0.000000 22.396503 18.262116 
5 12 16.897862 50.500719 45.836884 33.906169 92.621811 0.066581 147.805185 109.686229 34.026841 0.000000 9.180817 1.739713 
5 12 16.894124 50.511601 45.857965 33.896894 92.569661 0.101590 147.900987 109.778820 34.023533 0.000000 9.176204 1.745886 
5 12 6.180779 55.042842 48.638517 25.413973 138.714910 3.256309 138.897525 109.652017 21.774993 89.228204 39.934690 1.735084 
5 12 49.742316 35.209943 1.928196 17.559920 4.998284 118.939268 113.730282 109.627746 64.003221 25.135721 39.959116 1.733370 
5 12 5.317420 48.656411 43.161384 22.920040 163.466104 2.060478 138.825672 132.055536 23.125501 83.558841 50.979248 1.726055 
5 12 5.314118 48.758572 43.163703 22.923828 163.455798 2.076087 138.806990 71.233764 23.134922 16.399511 50.963673 1.722272 
5 12 6.211273 67.462955 28.322255 16.967788 155.255539 2.688885 138.916495 71.372330 25.293143 19.970984 72.104070 1.729882 
5 12 4.638334 97.723739 13.654897 2.514165 14.394758 14.976414 147.789605 71.249497 49.219997 22.735737 48.473949 99.685891 
5 12 26.621577 73.647636 0.721464 12.597871 63.292337 0.000000 74.942307 17.023823 0.000000 101.254890 23.619881 99.889475 
5 12 24.069825 52.588695 4.040438 16.239532 59.018413 0.000000 69.369648 17.062797 0.000000 161.410222 20.492091 99.794417 
5 12 24.061313 52.620463 4.097505 16.237462 59.030306 0.000000 69.303357 17.064978 0.000000 161.399600 20.483954 99.794977 
5 12 23.997728 54.142243 2.559166 16.429331 59.006568 39.684322 151.635078 29.388104 16.844413 159.574097 22.404040 99.753433 
5 12 32.898200 52.529337 1.583440 14.784194 59.046226 104.189309 147.895676 29.373471 75.866562 142.688986 39.960638 99.781623 
5 12 33.063691 44.616692 5.163288 15.517947 155.303873 67.243395 147.756322 154.264834 63.748962 158.175288 39.951434 1.744118 
5 12 49.736120 35.212079 1.957395 17.569060 4.980190 118.843441 113.808617 109.737029 63.971448 25.118082 39.932738 1.753514 
5 12 33.058066 44.681763 5.156410 15.517717 155.355790 68.241315 139.477651 154.380183 60.837007 158.068315 30.396609 1.741919 
5 12 36.943906 18.351694 38.722542 7.750241 31.724089 42.649584 147.778748 109.678287 52.651908 36.856812 39.955121 1.774330 
5 12 36.947572 18.303373 38.774306 7.737713 31.716863 42.656798 147.813196 71.282007 52.649990 106.617064 39.945521 1.747291 
5 12 38.483183 18.935807 23.606986 8.351120 26.695049 45.211058 147.783487 55.840689 54.836056 104.190806 39.944626 1.742047 
5 12 35.514318 4.159741 61.778662 2.784438 40.371633 33.227243 147.820274 55.849780 41.592620 120.246625 39.931804 1.728050 
5 12 23.746223 17.079075 98.520303 16.725292 14.026223 30.058901 138.914433 55.892868 0.000000 136.862410 39.927232 63.506724 
5 12 8.434623 2.963862 73.595091 14.632535 43.597801 25.712531 61.621014 36.960658 0.000000 158.667522 19.003404 164.604275 
6 12 8.739997 172.797336 36.260027 6.873418 5.069651 60.226623 82.558387 160.957080 129.898070 0.000000 19.514527 49.450089 
6 12 52.874340 14.833069 166.014021 9.246776 102.004395 2.130318 55.950585 85.578247 0.000000 0.000000 95.990433 109.454032 
6 12 5.490451 127.743229 53.046853 1.812746 15.065270 60.200981 39.827103 161.288919 115.759517 0.000000 15.697469 49.433824 
6 12 52.848812 14.818374 166.176515 9.230026 101.699194 2.058521 56.031634 85.139046 0.000000 0.000000 96.104032 109.697779 
6 12 52.883067 15.005516 166.113290 9.148335 101.640886 2.134420 55.958908 85.409674 0.000000 0.000000 96.124495 109.940893 
6 12 56.285762 23.657706 166.046005 9.700658 68.042183 3.001005 35.936662 125.794999 0.000000 0.000000 96.220933 109.879252 
6 12 56.309844 23.636142 165.947730 9.787777 67.930924 3.004899 35.917268 125.934776 0.000000 0.000000 96.210220 109.581808 
6 12 54.609694 18.903677 166.278895 22.342674 150.762719 1.591623 35.857738 110.982055 0.000000 0.000000 96.185967 109.509911 
6 12 60.553954 26.319146 118.674755 27.734364 143.560635 7.166770 35.912049 153.964334 0.000000 0.000000 52.967941 109.910063 
6 12 63.595439 30.870768 116.725756 7.010520 73.308997 10.127555 35.990644 167.671696 0.000000 0.000000 52.964261 109.598617 
6 12 166.471979 41.458531 86.650160 1.292040 49.648993 106.278348 61.214673 134.101252 70.850352 0.000000 96.288291 109.481121 
6 12 166.455577 41.436200 86.728295 1.305896 49.623511 106.291118 61.329201 134.331458 70.835270 0.000000 96.049757 109.591380 
6 12 178.469438 48.262297 85.109928 1.203715 48.265563 6.002403 85.004329 134.507181 69.927901 0.000000 96.087235 109.867629 
6 12 0.000000 112.740048 62.833233 0.960564 28.728299 24.965024 84.926987 13.325682 77.978689 0.000000 45.288159 31.428767 
6 12 59.206354 49.446731 80.369947 3.571232 35.822682 97.601402 49.466954 117.323642 74.037726 0.000000 96.080192 49.489436 
6 12 59.292748 49.786282 80.289349 3.589282 35.901192 97.649277 49.432494 117.197696 74.057180 0.000000 96.224918 49.323467 
6 12 60.923944 64.342313 53.173728 7.005709 23.907774 87.734283 37.788494 101.151249 75.730732 0.000000 53.025921 49.316967 
6 12 0.000000 156.828916 49.751112 11.344975 13.166144 0.000000 139.647006 154.436651 0.000000 0.000000 0.730083 49.419530 
6 12 0.000000 151.146193 46.516404 11.467381 4.530143 42.503972 150.260125 156.346017 0.000000 0.000000 7.748002 49.465185 
6 12 0.000000 151.593314 46.498001 11.575235 4.514104 42.452358 150.269008 156.382679 0.000000 0.000000 7.772306 49.310363 
6 12 0.000000 168.844201 44.416370 13.355592 1.711993 38.820678 156.207366 155.815627 0.000000 0.000000 11.478734 21.717717 
6 12 13.682262 164.119690 34.620971 5.793026 114.772690 16.438215 8.351562 45.630832 137.186685 0.000000 19.472682 109.729054 
6 12 13.691080 164.306702 34.639619 5.772963 114.881305 16.409837 8.394488 45.838087 137.194037 0.000000 19.484572 109.740845 
6 12 0.000000 152.329103 35.554264 6.358246 114.791439 14.794399 9.830837 49.309933 139.529479 0.000000 19.495165 77.612023 
6 12 20.256236 98.079747 61.517688 2.636770 37.938043 20.118692 85.057589 2.809582 76.501759 0.000000 34.279096 109.614336 
6 12 0.000000 148.226557 30.361701 4.185589 16.134941 60.225362 58.762663 163.832463 122.073548 0.000000 33.328900 42.123824 
6 12 20.265663 98.122084 61.440677 2.613354 37.977275 20.148341 85.081701 2.903045 76.435335 0.000000 34.277157 109.920861 
6 12 20.250427 97.998304 61.390522 2.596380 38.019982 20.111801 84.960582 2.616629 76.473081 0.000000 34.239305 109.655459 
6 12 22.026944 85.371429 166.023592 3.976813 48.395125 13.871090 84.984109 9.670195 72.870075 0.000000 69.733173 109.564168 
6 12 23.309150 56.758286 166.218639 17.612395 71.568722 11.593416 85.022855 12.854539 68.756055 0.000000 69.724363 109.402293 
6 12 50.690573 13.057121 166.158398 13.856170 161.012610 1.245192 55.922852 81.330432 0.000000 0.000000 96.242416 109.715468 
6 12 52.828791 14.858689 166.050569 9.158170 101.965721 2.131855 56.039111 85.340071 0.000000 0.000000 96.159213 109.700186 
7 12 43.309403 0.000000 0.000000 0.000000 12.980872 94.908035 28.241689 0.000000 123.668215 0.000000 28.241689 41.792970 
7 12 0.000000 0.000000 135.586273 0.000000 0.000000 7.934801 49.217863 0.000000 0.000000 0.000000 49.345540 0.000000 
7 12 0.000000 0.000000 0.000000 0.000000 0.415769 86.194681 17.057471 0.000000 114.939775 0.000000 17.057471 0.000000 
7 12 0.000000 0.000000 120.445248 0.000000 29.977611 8.118057 14.442141 0.000000 56.638344 0.000000 49.277819 0.000000 
7 12 0.000000 0.000000 120.219377 0.000000 30.011731 8.118184 14.450122 0.000000 56.591012 0.000000 49.310480 0.000000 
7 12 0.000000 0.000000 113.994108 0.000000 24.361600 68.758396 9.027759 0.000000 106.982712 0.000000 78.988115 0.000000 
7 12 0.000000 0.000000 113.954630 0.000000 24.316157 68.707969 9.048435 0.000000 107.088162 0.000000 79.105292 0.000000 
7 12 0.000000 0.000000 109.655964 0.000000 19.531768 65.554783 4.548880 0.000000 110.201204 0.000000 79.029375 0.000000 
7 12 32.689557 0.000000 104.009101 0.000000 12.405061 61.654258 1.483728 0.000000 114.061081 0.000000 79.006082 56.288205 
7 12 12.476622 0.000000 78.656040 0.000000 12.941278 0.000000 23.547788 0.000000 132.148794 84.507529 79.011491 31.137538 
7 12 12.492250 0.000000 0.000000 0.000000 21.814160 0.000000 32.888509 0.000000 134.803869 90.374833 32.888509 27.743049 
7 12 12.460991 0.000000 0.000000 0.000000 21.838392 0.000000 32.904218 0.000000 134.865904 90.532613 32.904218 27.691419 
7 12 12.439043 0.000000 0.000000 0.000000 21.825381 0.000000 32.905305 0.000000 134.856052 90.502849 32.905305 27.615392 
7 12 0.000000 0.000000 169.444418 0.000000 19.380556 128.336024 2.041388 0.000000 104.337570 0.000000 49.370636 0.000000 
7 12 2.904652 0.000000 0.000000 0.000000 38.422760 0.000000 0.000000 0.000000 0.000000 97.349299 0.000000 19.808995 
7 12 2.983750 0.000000 0.000000 0.000000 38.424191 0.000000 0.000000 0.000000 0.000000 97.194881 0.000000 19.909126 
7 12 6.697389 0.000000 0.000000 0.000000 0.000000 0.000000 0.000000 0.000000 0.000000 104.070819 0.000000 2.177558 
7 12 5.588802 0.000000 0.000000 0.000000 0.000000 0.000000 0.000000 0.000000 0.000000 100.706909 0.000000 6.912905 
7 12 4.693986 0.000000 0.000000 0.000000 0.000000 0.000000 0.000000 0.000000 0.000000 99.001042 0.000000 13.463167 
7 12 4.777552 0.000000 0.000000 0.000000 0.000000 0.000000 0.000000 0.000000 0.000000 98.974878 0.000000 13.544045 
7 12 6.202993 0.000000 0.000000 0.000000 0.000000 0.000000 0.000000 0.000000 0.000000 107.208833 0.000000 1.349473 
7 12 8.018495 0.000000 0.000000 0.000000 49.619253 0.000000 0.000000 0.000000 0.000000 119.971851 0.000000 16.404460 
7 12 7.181973 0.000000 0.000000 0.000000 0.000000 0.000000 0.000000 0.000000 0.000000 0.000000 0.000000 0.000000 
7 12 1.607287 0.000000 0.000000 0.000000 22.858850 106.951202 34.762960 0.000000 135.623873 68.399021 34.762960 26.365248 
7 12 0.000000 0.000000 170.717000 0.000000 20.371524 126.488835 2.957016 0.000000 103.692784 0.000000 49.321874 0.000000 
7 12 1.563707 0.000000 0.000000 0.000000 22.721124 104.656085 35.469109 0.000000 133.442971 148.849649 35.469109 28.536991 
7 12 0.000000 0.000000 170.781939 0.000000 20.365317 126.515197 2.949665 0.000000 103.748466 0.000000 49.342132 0.000000 
7 12 0.000000 0.000000 164.744080 0.000000 41.426162 100.784963 58.667804 0.000000 90.890250 0.000000 49.300605 0.000000 
7 12 0.000000 0.000000 164.636616 0.000000 41.405939 100.796403 58.676752 0.000000 90.908376 0.000000 49.346501 0.000000 
7 12 0.000000 0.000000 145.438697 0.000000 62.410468 9.416132 49.576003 0.000000 85.818910 0.000000 49.290863 0.000000 
7 12 13.314693 0.000000 122.782081 0.000000 0.000000 10.148336 27.271176 0.000000 0.000000 0.000000 49.286576 117.165898 
7 12 0.000000 0.000000 135.711501 0.000000 0.000000 7.935359 49.197877 0.000000 0.000000 0.000000 49.294047 0.000000 
8 12 0.000000 27.006666 0.000000 10.692540 30.954328 0.000000 0.000000 8.520558 0.000000 0.000000 0.000000 9.868742 
8 12 0.000000 47.363529 0.000000 38.499910 123.187066 0.000000 18.284921 26.086053 0.000000 0.000000 18.284921 29.626713 
8 12 0.000000 27.387308 0.000000 10.662458 32.918358 0.000000 0.000000 8.990308 0.000000 0.000000 0.000000 9.763172 
8 12 0.000000 74.766162 0.000000 46.591806 53.517769 0.000000 4.590820 28.280697 67.404750 0.000000 4.590820 57.127484 
8 12 0.000000 74.757799 0.000000 46.495352 53.530984 0.000000 4.628779 28.342886 67.311504 0.000000 4.628779 57.174649 
8 12 0.000000 74.540441 0.000000 46.480610 53.606281 0.000000 4.593107 28.314976 67.369730 0.000000 4.593107 56.926057 
8 12 0.000000 74.674496 0.000000 46.475999 53.618630 0.000000 4.568350 28.233500 67.367246 0.000000 4.568350 56.942263 
8 12 0.000000 74.901188 0.000000 46.492566 53.552778 0.000000 4.599235 28.234503 67.333016 0.000000 4.599235 57.216420 
8 12 0.000000 75.186937 0.000000 46.403334 53.341234 0.000000 4.697774 28.368322 67.562177 0.000000 4.697774 57.566874 
8 12 0.000000 54.785472 0.000000 102.992478 8.464290 39.103733 40.916301 0.000000 84.379907 0.000000 40.916301 53.605282 
8 12 0.000000 54.975993 0.000000 56.569253 39.924301 0.000000 0.000000 0.000000 0.000000 0.000000 0.000000 114.199958 
8 12 0.000000 54.944023 0.000000 56.514324 39.852272 0.000000 0.000000 0.000000 0.000000 0.000000 0.000000 114.211943 
8 12 0.000000 54.887164 0.000000 56.518865 39.889783 0.000000 0.000000 0.000000 0.000000 0.000000 0.000000 114.229240 
8 12 0.000000 42.113173 0.000000 16.540728 56.390991 0.000000 28.454594 9.861525 74.196528 0.000000 28.454594 24.376893 
8 12 0.000000 54.750145 0.000000 56.771866 39.799415 0.000000 0.000000 0.000000 0.000000 0.000000 0.000000 113.983286 
8 12 0.000000 54.863613 0.000000 56.709581 39.835260 0.000000 0.000000 0.000000 0.000000 0.000000 0.000000 114.051399 
8 12 0.000000 54.943297 0.000000 56.645091 95.323466 0.000000 0.000000 167.110117 0.000000 40.815694 0.000000 31.972764 
8 12 0.000000 55.025523 0.000000 56.545185 95.401207 0.000000 0.000000 167.019354 0.000000 40.862498 0.000000 31.940163 
8 12 0.000000 54.906554 0.000000 56.156678 95.727355 0.000000 0.000000 164.692564 0.000000 41.514652 0.000000 31.838310 
8 12 0.000000 54.803104 0.000000 61.264487 101.296859 0.000000 0.000000 0.000000 0.000000 0.000000 0.000000 39.938708 
8 12 0.000000 54.927906 0.000000 61.024902 101.467332 0.000000 0.000000 0.000000 0.000000 0.000000 0.000000 39.789817 
8 12 0.000000 54.828455 0.000000 29.345427 74.753698 0.000000 0.000000 0.000000 0.000000 0.000000 0.000000 33.125451 
8 12 0.000000 54.749717 0.000000 29.377246 74.600184 0.000000 0.000000 0.000000 0.000000 0.000000 0.000000 33.226148 
8 12 0.000000 54.806102 0.000000 29.403420 74.623528 0.000000 0.000000 0.000000 0.000000 0.000000 0.000000 33.238801 
8 12 0.000000 42.084851 0.000000 16.610051 56.257847 0.000000 28.515165 9.913340 74.128635 0.000000 28.515165 24.469486 
8 12 0.000000 55.044835 0.000000 17.153646 55.179252 0.000000 0.000000 35.693115 0.000000 70.751187 0.000000 25.617049 
8 12 0.000000 41.980542 0.000000 16.558122 56.266973 0.000000 28.491744 9.937003 74.197823 0.000000 28.491744 24.381876 
8 12 0.000000 42.005612 0.000000 16.530200 56.442244 0.000000 28.488844 9.902455 74.186420 0.000000 28.488844 24.314603 
8 12 0.000000 42.055344 0.000000 16.566529 56.283471 0.000000 28.459080 9.887171 74.252459 0.000000 28.459080 24.397029 
8 12 0.000000 47.321413 0.000000 38.627864 123.044644 0.000000 18.263960 26.315582 0.000000 0.000000 18.263960 29.700669 
8 12 0.000000 47.271552 0.000000 38.861593 122.798590 0.000000 18.268733 26.558212 0.000000 0.000000 18.268733 29.858757 
8 12 0.000000 47.198263 0.000000 38.514249 123.125042 0.000000 18.293490 26.151071 0.000000 0.000000 18.293490 29.554899 
9 12 29.462346 65.119025 0.000000 43.848245 120.499720 48.784609 53.451735 0.000000 0.000000 61.171849 76.235295 39.364828 
9 12 0.000000 0.000000 0.000000 0.000000 15.071199 0.000000 126.132515 0.000000 0.000000 0.000000 0.000000 4.643520 
9 12 21.843715 148.195638 0.000000 3.681256 46.074155 48.724203 90.074331 22.607301 0.000000 114.618007 0.000000 20.379467 
9 12 0.000000 0.000000 0.000000 0.000000 15.099099 0.000000 125.975349 0.000000 0.000000 0.000000 0.000000 4.723499 
9 12 0.000000 0.000000 0.000000 0.000000 0.000000 0.000000 114.630439 0.000000 0.000000 0.000000 0.000000 21.153237 
9 12 0.000000 0.000000 0.000000 0.000000 0.000000 0.000000 114.708487 0.000000 0.000000 0.000000 0.000000 21.122206 
9 12 0.000000 0.000000 0.000000 0.000000 0.000000 0.000000 0.000000 0.000000 0.000000 0.000000 0.000000 0.000000 
9 12 0.000000 0.000000 0.000000 0.000000 0.000000 0.000000 0.000000 0.000000 0.000000 0.000000 0.000000 0.000000 
9 12 0.000000 0.000000 0.000000 0.000000 32.391275 0.000000 179.275721 0.000000 0.000000 0.000000 0.000000 61.708194 
9 12 29.281176 0.000000 0.000000 17.478085 2.743908 37.167980 55.769977 0.000000 117.419804 0.000000 23.760643 25.781297 
9 12 0.000000 0.000000 0.000000 7.803729 23.513708 32.641976 38.486307 0.000000 112.780152 0.000000 11.951060 7.121039 
9 12 0.000000 0.000000 0.000000 1.495238 37.537606 41.895378 56.928980 0.000000 109.254712 0.000000 3.927181 1.959143 
9 12 0.000000 0.000000 43.592981 1.483893 37.511200 147.691182 29.069702 0.000000 109.482647 0.000000 76.078001 1.939990 
9 12 23.101407 0.000000 0.000000 0.000000 17.512109 52.620712 87.349673 18.853048 0.000000 112.127712 0.000000 20.394122 
9 12 0.000000 0.000000 43.664715 1.491578 37.449991 147.639250 29.036471 0.000000 109.461298 0.000000 76.037957 1.954887 
9 12 0.000000 0.000000 0.000000 18.394518 153.329482 0.000000 4.979073 0.000000 0.000000 0.000000 19.731773 13.685700 
9 12 0.000000 0.000000 0.000000 18.415170 153.299139 0.000000 19.735082 0.000000 0.000000 0.000000 76.016295 13.696341 
9 12 0.000000 0.000000 0.000000 0.000000 0.000000 8.049430 21.222266 0.000000 0.000000 0.000000 48.663584 0.000000 
9 12 0.000000 51.580228 0.000000 30.501032 136.921896 8.226109 11.049584 0.000000 0.000000 0.000000 35.427963 25.770582 
9 12 0.000000 49.203399 0.000000 23.478464 144.087591 28.715396 56.919710 22.111986 0.000000 0.000000 27.314584 23.455340 
9 12 0.000000 49.223690 37.686176 23.450070 144.122625 169.254747 52.830124 22.138467 0.000000 0.000000 76.115959 23.422624 
9 12 0.000000 50.611021 55.502375 44.353777 116.257249 133.165361 93.516149 61.654451 0.000000 0.000000 8.048609 24.900540 
9 12 0.000000 50.678538 55.466756 44.318421 116.286040 133.080899 93.555071 61.698020 0.000000 0.000000 8.060894 24.874487 
9 12 0.000000 52.956078 0.000000 51.228686 112.350367 0.000000 0.000000 0.000000 0.000000 0.000000 10.218834 27.256494 
9 12 26.969027 0.000000 0.000000 0.000000 11.232535 69.792629 68.461913 0.000000 0.000000 0.000000 0.000000 16.306524 
9 12 0.000000 53.103369 0.000000 51.077373 112.532782 53.083398 28.826117 0.000000 0.000000 0.000000 28.826117 27.256069 
9 12 33.059412 0.000000 0.000000 0.000000 0.429678 0.000000 127.626068 0.000000 0.000000 0.000000 0.000000 8.447850 
9 12 33.051263 0.000000 0.000000 0.000000 0.424372 0.000000 127.736446 0.000000 0.000000 0.000000 0.000000 8.438924 
9 12 0.000000 0.000000 0.000000 0.000000 4.097907 0.000000 0.000000 0.000000 0.000000 0.000000 0.000000 5.742722 
9 12 0.000000 0.000000 0.000000 0.000000 4.089509 0.000000 0.000000 0.000000 0.000000 0.000000 0.000000 5.723632 
9 12 0.000000 0.000000 0.000000 0.000000 13.279167 0.000000 124.001821 0.000000 0.000000 0.000000 0.000000 3.004626 
9 12 0.000000 0.000000 0.000000 85.430278 28.443945 0.000000 133.981901 0.000000 0.000000 0.000000 0.000000 25.793171 
10 12 12.443280 0.000000 78.407059 0.000000 13.311196 0.000000 23.542435 0.000000 134.013292 84.766573 79.113513 31.083860 
10 12 4.772258 0.000000 0.000000 0.000000 0.000000 0.000000 0.000000 0.000000 0.000000 99.061619 0.000000 13.518611 
10 12 12.485887 0.000000 0.000000 0.000000 21.823197 0.000000 32.918505 0.000000 134.695528 90.472225 32.918505 27.658020 
10 12 6.168133 0.000000 0.000000 0.000000 0.000000 0.000000 0.000000 0.000000 0.000000 107.353762 0.000000 1.388619 
10 12 7.926317 0.000000 0.000000 0.000000 49.613493 0.000000 0.000000 0.000000 0.000000 120.000646 0.000000 16.464104 
10 12 9.034678 0.000000 0.000000 0.000000 37.134894 0.000000 0.000000 0.000000 0.000000 71.071308 0.000000 22.011109 
10 12 1.623528 0.000000 0.000000 0.000000 22.866565 107.048279 34.738541 0.000000 135.729183 68.419136 34.738541 26.349354 
10 12 1.644931 0.000000 0.000000 0.000000 22.713784 104.582040 35.474404 0.000000 133.341179 148.955457 35.474404 28.562298 
10 12 43.031617 0.000000 0.000000 0.000000 12.944918 94.572321 28.331592 0.000000 123.330946 0.000000 28.331592 42.037042 
10 12 39.995600 0.000000 0.000000 0.000000 7.669682 91.573971 23.580130 0.000000 120.220210 0.000000 23.580130 46.991755 
10 12 0.000000 0.000000 0.000000 0.000000 0.000000 56.472391 0.734420 0.000000 0.000000 0.000000 0.000000 0.000000 
10 12 0.000000 0.000000 170.849951 0.000000 20.364361 126.510750 2.923862 0.000000 103.673515 0.000000 49.371003 0.000000 
10 12 0.000000 0.000000 170.796246 0.000000 20.357525 126.449470 2.919233 0.000000 103.653079 0.000000 49.353880 0.000000 
10 12 12.476008 0.000000 0.000000 0.000000 21.825876 0.000000 32.919040 0.000000 134.704565 90.416095 32.919040 27.689332 
10 12 0.000000 0.000000 164.633157 0.000000 41.373335 100.699121 58.711297 0.000000 90.785145 0.000000 49.388341 0.000000 
10 12 0.000000 0.000000 164.412872 0.000000 41.410542 100.782313 58.634977 0.000000 90.751753 0.000000 49.438905 0.000000 
10 12 0.000000 0.000000 130.090716 0.000000 0.000000 78.425293 33.114625 0.000000 0.000000 0.000000 47.524844 0.000000 
10 12 12.396053 0.000000 125.132531 0.000000 0.000000 8.099302 28.109007 0.000000 0.000000 0.000000 49.342413 114.650725 
10 12 4.079734 0.000000 131.239636 0.000000 0.000000 9.522564 49.439848 0.000000 0.000000 0.000000 49.352272 163.224994 
10 12 0.000000 0.000000 135.499151 0.000000 0.000000 7.929537 49.197978 0.000000 0.000000 0.000000 49.413996 0.000000 
10 12 0.000000 0.000000 120.263801 0.000000 30.014945 8.113014 14.460294 0.000000 56.603985 0.000000 49.407054 0.000000 
10 12 0.000000 0.000000 120.311609 0.000000 29.977048 8.115969 14.452531 0.000000 56.595490 0.000000 49.366554 0.000000 
10 12 0.000000 0.000000 114.006144 0.000000 24.338397 68.700474 9.058320 0.000000 107.019116 0.000000 79.107208 0.000000 
10 12 0.000000 0.000000 113.940155 0.000000 24.334428 68.680200 9.035943 0.000000 106.963269 0.000000 79.096922 0.000000 
10 12 12.454021 0.000000 0.000000 0.000000 21.835445 0.000000 32.903419 0.000000 134.881791 90.532938 32.903419 27.617434 
10 12 0.000000 0.000000 113.862734 0.000000 24.331984 68.703643 9.046097 0.000000 106.978165 0.000000 79.137912 0.000000 
10 12 12.472402 0.000000 0.000000 0.000000 23.752067 0.000000 34.684361 0.000000 135.959676 91.857686 34.684361 26.025497 
10 12 2.912033 0.000000 0.000000 0.000000 38.433064 0.000000 0.000000 0.000000 0.000000 97.392955 0.000000 19.805281 
10 12 5.705516 0.000000 0.000000 0.000000 0.000000 0.000000 0.000000 0.000000 0.000000 102.194929 0.000000 5.293553 
10 12 5.592558 0.000000 0.000000 0.000000 0.000000 0.000000 0.000000 0.000000 0.000000 100.923134 0.000000 6.870506 
10 12 4.624084 0.000000 0.000000 0.000000 0.000000 0.000000 0.000000 0.000000 0.000000 99.005898 0.000000 13.422347 
10 12 4.680453 0.000000 0.000000 0.000000 0.000000 0.000000 0.000000 0.000000 0.000000 98.968795 0.000000 13.468115 
11 12 0.000000 9.621165 0.000000 50.999559 109.417618 0.000000 0.000000 66.565404 0.000000 0.000000 12.355300 20.143991 
11 12 0.000000 9.681834 0.000000 45.856751 13.407112 0.000000 0.000000 0.000000 0.000000 0.000000 27.098016 49.742324 
11 12 0.000000 9.752322 0.000000 52.827142 107.614845 54.378744 14.814979 66.213258 0.000000 0.000000 60.071006 121.440138 
11 12 0.000000 9.648633 0.000000 45.894721 13.434277 0.000000 0.000000 0.000000 0.000000 0.000000 27.082697 49.776441 
11 12 0.000000 9.751744 0.000000 45.981609 13.523683 0.000000 0.000000 0.000000 0.000000 0.000000 27.075796 49.892763 
11 12 0.000000 9.769283 0.000000 45.312544 1.817294 0.000000 0.000000 0.000000 0.000000 0.000000 0.000000 32.733912 
11 12 0.000000 9.652480 0.000000 45.334665 1.810458 0.000000 0.000000 0.000000 0.000000 0.000000 0.000000 32.697791 
11 12 0.000000 42.114636 0.000000 36.428347 22.685325 0.000000 0.000000 0.000000 0.000000 0.000000 0.000000 16.880704 
11 12 0.000000 42.368606 0.000000 36.344148 22.288741 0.000000 0.000000 0.000000 0.000000 0.000000 0.000000 16.979908 
11 12 0.000000 42.209219 0.000000 35.936594 21.797711 0.000000 0.000000 0.000000 0.000000 0.000000 0.000000 16.995545 
11 12 0.000000 34.252327 0.000000 13.423149 63.809981 0.000000 0.000000 0.000000 0.000000 0.000000 0.000000 9.085862 
11 12 0.000000 34.223943 0.000000 13.392427 63.855684 0.000000 0.000000 0.000000 0.000000 0.000000 0.000000 9.070067 
11 12 0.000000 34.200843 0.000000 13.489247 63.764337 0.000000 0.000000 0.000000 0.000000 0.000000 0.000000 9.136478 
11 12 0.000000 9.544018 0.000000 54.039520 106.437576 54.635746 14.803177 66.963541 0.000000 0.000000 59.534448 120.199507 
11 12 0.000000 27.021457 0.000000 2.148539 89.489861 0.000000 0.000000 75.997472 0.000000 140.023160 0.000000 1.871973 
11 12 0.000000 26.898035 0.000000 2.104183 89.569781 0.000000 0.000000 76.199281 0.000000 139.936054 0.000000 1.825024 
11 12 0.000000 13.412101 0.000000 19.403907 147.494762 0.000000 0.000000 81.982496 0.000000 121.422023 0.000000 11.818632 
11 12 0.000000 13.369020 0.000000 19.774777 147.032186 0.000000 0.000000 82.141897 0.000000 124.300934 0.000000 12.119933 
11 12 0.000000 135.959128 0.000000 26.264286 139.014991 0.000000 0.000000 45.004633 0.000000 0.000000 0.000000 23.040594 
11 12 76.174889 15.590998 0.000000 29.711161 135.671601 0.000000 33.351281 7.433411 0.000000 92.643861 33.351281 40.707721 
11 12 76.286750 15.493930 0.000000 29.734631 135.630338 0.000000 33.355615 7.372766 0.000000 92.647837 33.355615 40.685889 
11 12 76.290656 15.392873 0.000000 29.596815 135.797612 0.000000 33.378571 7.173253 0.000000 92.564205 33.378571 40.552210 
11 12 70.559506 31.375411 0.000000 31.241296 56.430564 0.000000 21.630479 9.998992 0.000000 83.981677 33.283332 131.276634 
11 12 70.411762 31.332008 0.000000 31.378491 56.449371 0.000000 21.724279 9.627636 0.000000 84.028852 33.394441 131.089910 
11 12 0.000000 9.701969 0.000000 54.056760 106.371064 54.689162 14.833030 66.863734 0.000000 0.000000 59.512536 120.168400 
11 12 0.000000 0.000000 0.000000 0.000000 0.000000 0.000000 1.921847 79.037872 0.000000 0.000000 59.420434 0.000000 
11 12 0.000000 9.718003 0.000000 142.012372 36.349928 61.622877 33.370885 72.590309 0.000000 0.000000 59.462411 32.104279 
11 12 0.000000 9.839349 0.000000 142.895418 35.440383 61.517311 33.368391 72.860833 0.000000 0.000000 59.559762 31.155382 
11 12 0.000000 9.726009 0.000000 111.911087 59.758894 64.326327 55.291835 0.000000 0.000000 0.000000 59.552905 37.441484 
11 12 0.000000 10.035124 0.000000 0.000000 0.000000 0.000000 0.000000 0.000000 0.000000 0.000000 6.884063 0.000000 
11 12 0.000000 9.776748 0.000000 45.353918 12.792077 0.000000 0.000000 0.000000 0.000000 0.000000 27.134844 50.162656 
11 12 0.000000 9.741252 0.000000 45.552911 14.107831 0.000000 0.000000 0.000000 0.000000 0.000000 0.000000 13.097344 
12 12 0.000000 0.000000 0.000000 0.000000 0.000000 0.000000 14.203939 0.000000 0.000000 0.000000 14.203939 0.000000 
12 12 0.000000 3.106049 0.000000 0.000000 0.000000 85.152483 14.183738 0.000000 0.000000 0.000000 14.183738 0.000000 
12 12 0.000000 0.000000 0.000000 0.000000 0.000000 0.000000 14.245133 0.000000 0.000000 0.000000 14.245133 0.000000 
12 12 0.000000 3.069663 0.000000 0.000000 0.000000 85.103608 14.181333 0.000000 0.000000 0.000000 14.181333 0.000000 
12 12 0.000000 3.055636 0.000000 0.000000 0.000000 85.163766 14.179842 0.000000 0.000000 0.000000 14.179842 0.000000 
12 12 0.000000 3.052724 0.000000 0.000000 0.000000 85.156963 14.169995 0.000000 0.000000 0.000000 14.169995 0.000000 
12 12 0.000000 3.107130 0.000000 0.000000 0.000000 85.036685 14.189777 0.000000 0.000000 0.000000 14.189777 0.000000 
12 12 0.000000 0.000000 0.000000 0.000000 0.000000 0.000000 0.000000 0.000000 0.000000 0.000000 0.000000 0.000000 
12 12 0.000000 0.000000 0.000000 0.000000 0.000000 0.000000 0.000000 0.000000 0.000000 0.000000 0.000000 0.000000 
12 12 0.000000 0.000000 0.000000 0.000000 0.000000 0.000000 11.675319 0.000000 0.000000 0.000000 11.675319 0.000000 
12 12 0.000000 0.000000 0.000000 0.000000 0.000000 0.000000 11.590557 0.000000 0.000000 0.000000 11.590557 0.000000 
12 12 0.000000 0.000000 0.000000 0.000000 0.000000 0.000000 11.601681 0.000000 0.000000 0.000000 11.601681 0.000000 
12 12 0.000000 0.000000 0.000000 0.000000 47.768752 0.000000 52.932753 0.000000 45.664386 0.000000 52.932753 0.000000 
12 12 0.000000 0.000000 0.000000 0.000000 0.000000 0.000000 14.253865 0.000000 0.000000 0.000000 14.253865 0.000000 
12 12 0.000000 0.000000 0.000000 0.000000 47.734810 0.000000 52.885739 0.000000 45.734494 0.000000 52.885739 0.000000 
12 12 0.000000 0.000000 0.000000 0.000000 47.597168 0.000000 53.008815 0.000000 45.790183 0.000000 53.008815 0.000000 
12 12 0.000000 0.000000 0.000000 0.000000 39.560131 0.000000 63.146790 0.000000 46.250475 0.000000 63.146790 0.000000 
12 12 0.000000 0.000000 0.000000 0.000000 0.000000 0.000000 0.000000 0.000000 0.000000 0.000000 0.000000 0.000000 
12 12 0.000000 0.000000 0.000000 0.000000 16.529360 0.000000 10.926527 0.000000 91.534440 0.000000 10.926527 0.000000 
12 12 0.000000 0.000000 0.000000 0.000000 16.389424 0.000000 10.881132 0.000000 91.859345 0.000000 10.881132 0.000000 
12 12 0.000000 0.000000 0.000000 0.000000 16.386317 0.000000 10.904815 0.000000 91.964933 0.000000 10.904815 0.000000 
12 12 0.000000 0.000000 0.000000 0.000000 16.371784 0.000000 10.882594 0.000000 91.892492 0.000000 10.882594 0.000000 
12 12 0.000000 0.000000 0.000000 0.000000 16.377821 0.000000 10.883838 0.000000 91.740489 0.000000 10.883838 0.000000 
12 12 0.000000 0.000000 0.000000 0.000000 16.383184 0.000000 10.919044 0.000000 91.805645 0.000000 10.919044 0.000000 
12 12 0.000000 0.000000 0.000000 0.000000 0.000000 0.000000 14.279844 0.000000 0.000000 0.000000 14.279844 0.000000 
12 12 0.000000 0.000000 0.000000 0.000000 0.000000 0.000000 14.323176 0.000000 0.000000 0.000000 14.323176 0.000000 
12 12 0.000000 0.000000 0.000000 0.000000 0.000000 0.000000 14.268742 0.000000 0.000000 0.000000 14.268742 0.000000 
12 12 0.000000 28.552892 0.000000 0.000000 0.000000 46.709234 56.385143 0.000000 0.000000 0.000000 56.385143 0.000000 
12 12 0.000000 28.513844 0.000000 0.000000 0.000000 46.820879 56.329214 0.000000 0.000000 0.000000 56.329214 0.000000 
12 12 0.000000 28.456645 0.000000 0.000000 0.000000 46.785477 56.365933 0.000000 0.000000 0.000000 56.365933 0.000000 
12 12 0.000000 29.657675 0.000000 0.000000 0.000000 46.345183 56.738537 0.000000 0.000000 0.000000 56.738537 0.000000 
12 12 0.000000 3.051206 0.000000 0.000000 0.000000 85.019851 14.164768 0.000000 0.000000 0.000000 14.164768 0.000000 
13 12 0.000000 0.000000 0.000000 122.760509 84.592442 16.064767 41.500141 0.000000 1.493252 0.000000 14.972398 50.382106 
13 12 0.000000 0.000000 0.000000 0.000000 0.000000 0.000000 0.000000 0.000000 0.000000 0.000000 0.000000 0.000000 
13 12 0.000000 0.000000 0.000000 123.172955 81.140667 15.420668 41.262949 0.000000 1.372744 0.000000 14.955656 48.424509 
13 12 0.000000 0.000000 0.000000 0.000000 0.000000 0.000000 0.000000 0.000000 0.000000 0.000000 0.000000 0.000000 
13 12 0.000000 0.000000 0.000000 0.000000 0.000000 0.000000 0.000000 0.000000 0.000000 0.000000 0.000000 0.000000 
13 12 0.000000 0.000000 0.000000 0.000000 0.000000 0.000000 0.000000 0.000000 0.000000 0.000000 0.000000 0.000000 
13 12 0.000000 0.000000 0.000000 0.000000 0.000000 0.000000 0.000000 0.000000 0.000000 0.000000 0.000000 0.000000 
13 12 0.000000 0.000000 0.000000 0.000000 0.000000 0.000000 0.000000 0.000000 0.000000 0.000000 0.000000 0.000000 
13 12 0.000000 0.000000 0.000000 0.000000 0.000000 0.000000 0.000000 0.000000 0.000000 0.000000 0.000000 0.000000 
13 12 0.000000 0.000000 0.000000 0.000000 0.000000 0.000000 0.000000 0.000000 0.000000 0.000000 0.000000 0.000000 
13 12 0.000000 0.000000 0.000000 0.000000 0.000000 0.000000 0.000000 0.000000 0.000000 0.000000 0.000000 0.000000 
13 12 0.000000 0.000000 0.000000 0.000000 0.000000 0.000000 0.000000 0.000000 0.000000 0.000000 0.000000 0.000000 
13 12 0.000000 0.000000 0.000000 2.650462 6.812991 0.000000 0.000000 0.000000 0.000000 0.000000 0.000000 1.987843 
13 12 0.000000 0.000000 0.000000 175.004080 0.000000 8.436269 6.069132 0.000000 0.249917 0.000000 1.079542 0.000000 
13 12 0.000000 0.000000 0.000000 2.618502 6.720940 0.000000 0.000000 0.000000 0.000000 0.000000 0.000000 1.965160 
13 12 0.000000 0.000000 0.000000 2.529378 6.506319 0.000000 0.000000 0.000000 0.000000 0.000000 0.000000 1.897753 
13 12 0.000000 0.000000 0.000000 2.636873 6.808738 0.000000 0.000000 0.000000 0.000000 0.000000 0.000000 1.974823 
13 12 0.000000 0.000000 0.000000 5.667637 6.001439 0.000000 0.000000 0.000000 0.351883 0.000000 0.000000 2.515313 
13 12 0.000000 0.000000 0.000000 5.713393 6.051275 0.000000 0.000000 0.000000 0.340060 0.000000 0.000000 2.535821 
13 12 0.000000 0.000000 0.000000 0.000000 0.000000 0.000000 0.000000 0.000000 0.000000 0.000000 0.000000 0.000000 
13 12 0.000000 0.000000 0.000000 0.000000 0.000000 0.000000 0.000000 0.000000 0.000000 0.000000 0.000000 0.000000 
13 12 0.000000 0.000000 0.000000 1.075890 17.075164 0.000000 0.000000 0.000000 0.000000 0.000000 0.000000 0.232511 
13 12 0.000000 0.000000 0.000000 0.000000 0.000000 0.000000 0.000000 0.000000 0.000000 0.000000 0.000000 0.000000 
13 12 0.000000 0.000000 0.000000 39.370883 46.127411 0.000000 53.221307 0.000000 0.000000 0.000000 0.000000 5.897016 
13 12 0.000000 0.000000 0.000000 178.604052 0.000000 51.244780 69.625180 0.000000 3.011390 0.000000 13.372807 0.000000 
13 12 0.000000 0.000000 0.000000 93.859150 64.464073 14.012411 45.422198 0.000000 0.000000 0.000000 18.585390 30.339188 
13 12 0.000000 0.000000 0.000000 178.478875 0.000000 51.358967 69.595605 0.000000 3.016406 0.000000 13.309377 0.000000 
13 12 0.000000 0.000000 0.000000 178.562676 0.000000 51.133705 69.824878 0.000000 3.012396 0.000000 13.372359 0.000000 
13 12 0.000000 0.000000 0.000000 175.346856 0.000000 0.000000 0.858771 0.000000 0.223715 0.000000 0.858771 0.000000 
13 12 0.000000 0.000000 0.000000 0.000000 0.000000 0.000000 0.000000 0.000000 0.000000 0.000000 0.000000 0.000000 
13 12 0.000000 0.000000 0.000000 175.305396 0.000000 0.000000 0.856347 0.000000 0.222247 0.000000 0.856347 0.000000 
13 12 0.000000 0.000000 0.000000 0.000000 0.000000 0.000000 0.000000 0.000000 0.000000 0.000000 0.000000 0.000000 
14 12 0.000000 0.000000 0.000000 0.069669 32.954699 0.000000 130.552147 0.000000 24.645791 0.000000 18.819755 0.044238 
14 12 0.000000 0.000000 0.000000 0.000000 0.000000 0.000000 24.159056 0.000000 0.000000 0.000000 60.467752 0.000000 
14 12 0.000000 0.000000 0.000000 7.801047 166.348806 0.000000 0.000000 0.000000 0.000000 81.413410 18.552957 6.625091 
14 12 0.000000 0.000000 0.000000 0.000000 0.000000 0.000000 24.026622 0.000000 0.000000 0.000000 60.704444 0.000000 
14 12 0.000000 0.000000 0.000000 0.000000 0.000000 51.088281 40.468532 0.000000 0.000000 0.000000 71.058804 0.000000 
14 12 0.000000 0.000000 0.000000 0.000000 0.000000 50.966753 40.446011 0.000000 0.000000 0.000000 71.067003 0.000000 
14 12 0.000000 0.000000 0.000000 0.000000 0.000000 0.000000 0.000000 0.000000 0.000000 0.000000 0.000000 0.000000 
14 12 0.000000 0.000000 0.000000 0.000000 0.000000 0.000000 0.000000 0.000000 0.000000 0.000000 0.000000 0.000000 
14 12 0.000000 0.000000 0.000000 0.000000 0.000000 0.000000 18.978047 0.000000 0.000000 0.000000 71.027887 0.000000 
14 12 0.000000 0.000000 0.000000 0.000000 0.000000 0.000000 18.986381 0.000000 0.000000 0.000000 71.059357 0.000000 
14 12 0.000000 0.000000 0.000000 0.000000 0.000000 0.000000 18.799339 0.000000 0.000000 0.000000 71.219986 0.000000 
14 12 0.000000 0.000000 0.000000 0.000000 0.000000 0.000000 0.000000 0.000000 0.000000 0.000000 7.542728 31.913137 
14 12 0.000000 0.000000 0.000000 0.000000 23.750832 0.000000 10.353717 0.000000 85.767958 0.000000 71.034204 0.000000 
14 12 52.483012 0.000000 0.000000 0.000000 0.000000 10.575279 10.112774 0.000000 0.000000 0.000000 10.669230 27.767970 
14 12 0.000000 0.000000 0.000000 0.000000 23.773364 0.000000 10.318435 0.000000 85.706724 0.000000 70.983151 0.000000 
14 12 0.000000 0.000000 0.000000 5.991897 36.800056 0.000000 23.882231 0.000000 85.891668 0.000000 23.882231 6.095479 
14 12 0.000000 0.000000 0.000000 0.000000 3.094668 0.000000 0.000000 0.000000 0.000000 0.000000 0.000000 4.559247 
14 12 0.000000 0.000000 0.000000 46.279147 4.055804 0.000000 28.947313 0.000000 96.631270 0.000000 28.947313 53.677859 
14 12 0.000000 0.000000 0.000000 48.096987 20.515336 0.000000 0.000000 0.000000 0.000000 0.000000 0.000000 31.451424 
14 12 0.000000 0.000000 0.000000 48.132877 20.523827 0.000000 0.000000 0.000000 0.000000 0.000000 0.000000 31.418088 
14 12 52.755420 0.000000 0.000000 0.000000 24.465349 141.652721 45.088923 0.000000 67.312174 0.000000 47.200224 25.341617 
14 12 0.000000 0.000000 0.000000 23.900625 55.986435 0.000000 0.000000 0.000000 0.000000 63.130342 0.000000 23.263833 
14 12 0.000000 0.000000 0.000000 24.179237 55.969883 0.000000 0.000000 0.000000 0.000000 63.060706 0.000000 23.364619 
14 12 0.000000 0.000000 0.000000 8.251891 164.742697 0.000000 0.000000 0.000000 0.000000 63.886272 0.000000 4.581332 
14 12 13.679277 0.000000 0.000000 0.000000 0.000000 41.655255 46.133958 0.000000 0.000000 0.000000 22.675374 9.995849 
14 12 0.000000 0.000000 0.000000 0.000000 0.000000 17.214677 15.712532 0.000000 0.000000 0.000000 5.321933 0.000000 
14 12 0.000000 81.436867 0.000000 22.187916 147.827982 0.000000 0.000000 0.000000 0.000000 0.000000 8.352952 28.275037 
14 12 0.000000 81.229846 0.000000 22.063516 147.936754 0.000000 0.000000 0.000000 0.000000 0.000000 8.391270 27.923716 
14 12 14.717472 0.000000 0.000000 0.000000 0.000000 0.000000 27.130206 0.000000 0.000000 0.000000 33.263053 5.611008 
14 12 48.718026 0.000000 0.000000 0.000000 0.000000 0.000000 7.498006 0.000000 0.000000 0.000000 60.707180 26.707556 
14 12 0.000000 0.000000 0.000000 0.000000 0.000000 0.000000 0.000000 0.000000 0.000000 0.000000 12.639625 0.000000 
14 12 0.000000 0.000000 0.000000 0.000000 0.000000 0.000000 0.000000 0.000000 0.000000 0.000000 12.620243 0.000000 
15 12 0.000000 36.813951 0.000000 12.429889 106.724831 0.000000 0.000000 0.000000 0.000000 0.000000 0.000000 6.976133 
15 12 0.000000 0.000000 0.000000 0.000000 0.000000 0.000000 0.000000 0.000000 0.000000 0.000000 0.000000 0.000000 
15 12 0.000000 36.051641 0.000000 11.703982 108.186249 0.000000 0.000000 0.000000 0.000000 0.000000 0.000000 6.580411 
15 12 0.000000 0.000000 0.000000 0.000000 0.000000 0.000000 0.000000 0.000000 0.000000 0.000000 0.000000 0.000000 
15 12 0.000000 0.000000 0.000000 0.000000 0.000000 0.000000 0.000000 0.000000 0.000000 0.000000 0.000000 0.000000 
15 12 0.000000 0.000000 0.000000 0.000000 0.000000 0.000000 0.000000 0.000000 0.000000 0.000000 0.000000 0.000000 
15 12 0.000000 0.000000 0.000000 0.000000 0.000000 0.000000 0.000000 0.000000 0.000000 0.000000 0.000000 0.000000 
15 12 0.000000 0.000000 0.000000 0.000000 0.000000 0.000000 0.000000 0.000000 0.000000 0.000000 0.000000 0.000000 
15 12 0.000000 0.000000 0.000000 0.000000 0.000000 0.000000 0.000000 0.000000 0.000000 0.000000 0.000000 0.000000 
15 12 0.000000 0.000000 0.000000 0.000000 0.000000 0.000000 0.000000 0.000000 0.000000 0.000000 0.000000 0.000000 
15 12 0.000000 0.000000 0.000000 0.000000 0.000000 0.000000 0.000000 0.000000 0.000000 0.000000 0.000000 0.000000 
15 12 0.000000 0.000000 0.000000 0.000000 0.000000 0.000000 0.000000 0.000000 0.000000 0.000000 0.000000 0.000000 
15 12 0.000000 0.000000 0.000000 0.000000 0.000000 0.000000 0.000000 0.000000 0.000000 0.000000 0.000000 0.000000 
15 12 0.000000 0.000000 0.000000 0.000000 0.000000 0.000000 0.000000 59.653858 0.000000 0.000000 0.000000 0.000000 
15 12 0.000000 0.000000 0.000000 0.000000 0.000000 0.000000 0.000000 0.000000 0.000000 0.000000 0.000000 0.000000 
15 12 0.000000 0.000000 0.000000 0.000000 2.487514 0.000000 0.000000 0.000000 0.000000 0.000000 0.000000 0.000000 
15 12 0.000000 0.000000 0.000000 0.000000 2.475592 0.000000 0.000000 0.000000 0.000000 0.000000 0.000000 0.000000 
15 12 0.000000 0.000000 0.000000 0.000000 5.919461 0.000000 0.000000 0.000000 0.000000 0.000000 0.000000 0.000000 
15 12 0.000000 0.000000 0.000000 0.000000 6.098472 0.000000 0.000000 0.000000 0.000000 0.000000 0.000000 0.000000 
15 12 0.000000 0.000000 0.000000 0.000000 0.000000 0.000000 0.000000 0.000000 0.000000 0.000000 0.000000 0.000000 
15 12 0.000000 0.000000 0.000000 0.000000 0.000000 0.000000 0.000000 48.374991 0.000000 0.000000 0.000000 0.000000 
15 12 0.000000 0.000000 0.000000 0.000000 0.000000 0.000000 0.000000 45.543695 0.000000 0.000000 0.000000 0.000000 
15 12 0.000000 0.000000 0.000000 0.000000 0.000000 0.000000 0.000000 45.374029 0.000000 0.000000 0.000000 0.000000 
15 12 0.000000 0.000000 0.000000 0.000000 0.000000 0.000000 0.000000 45.421548 0.000000 0.000000 0.000000 0.000000 
15 12 0.000000 0.000000 0.000000 0.000000 0.000000 0.000000 0.000000 48.164792 0.000000 0.000000 0.000000 0.000000 
15 12 0.000000 0.000000 0.000000 0.000000 0.000000 0.000000 0.000000 45.394963 0.000000 0.000000 0.000000 0.000000 
15 12 0.000000 0.000000 0.000000 0.000000 0.000000 0.000000 14.055630 5.832021 0.000000 0.000000 14.055630 0.000000 
15 12 0.000000 0.000000 0.000000 0.000000 0.000000 0.000000 14.041695 5.859399 0.000000 0.000000 14.041695 0.000000 
15 12 0.000000 0.000000 0.000000 0.000000 0.000000 0.000000 14.057744 5.862007 0.000000 0.000000 14.057744 0.000000 
15 12 0.000000 0.000000 0.000000 0.000000 0.000000 0.000000 11.591166 0.000000 0.000000 0.000000 11.591166 0.000000 
15 12 0.000000 0.000000 0.000000 19.418492 137.175570 0.000000 12.070664 0.000000 0.000000 0.000000 12.070664 22.314241 
15 12 0.000000 0.000000 0.000000 0.000000 0.000000 0.000000 0.000000 0.000000 0.000000 0.000000 0.000000 0.000000 
